% -------------------------------------------------------------------
%  Generated by MATLAB on 17-Feb-2021 01:00:48
%  MATLAB version: 9.9.0.1467703 (R2020b)
% -------------------------------------------------------------------
                                   

x = [0; 1; 1; 1; 1; 1; 1; 1; 1; 1; 1; 1; 1; 1; 1; 1; 1; 1; 1; 1; 1; 1; ...
     1; 1; 1; 1; 1; 1; 1; 1; 1; 1; 1; 1; 1; 1; 1; 1; 1; 1; 1; 1; 1; 1; ...
     1; 1; 1; 1; 1; 1; 1; 1; 1; 1; 1; 1; 1; 1; 1; 1; 1; 1; 1; 1; 1; 1; ...
     1; 1; 1; 1; 1; 1; 1; 1; 1; 1; 1; 1; 1; 1; 1; 1; 1; 1; 1; 1; 1; 1; ...
     1; 1; 1; 1; 1; 1; 1; 1; 1; 1; 1; 1; 1; 1; 1; 1; 1; 1; 1; 1; 1; 1; ...
     1; 1; 1; 1; 1; 1; 1; 1; 1; 1; 1; 1; 1; 1; 1; 1; 1; 1; 1; 1; 1; 1; ...
     1; 1; 1; 1; 1; 1; 1; 1; 1; 1; 1; 1; 1; 1; 1; 1; 1; 1; 1; 1; 1; 1; ...
     1; 1; 1; 1; 1; 1; 1; 1; 1; 1; 1; 1; 1; 1; 1; 1; 1; 1; 1; 1; 1; 1; ...
     1; 1; 1; 1; 1; 1; 1; 1; 1; 1; 1; 1; 1; 1; 1; 1; 1; 1; 1; 1; 1; 1; ...
     1; 1; 1; 1; 1; 1; 1; 1; 1; 1; 1; 1; 1; 1; 1; 1; 1; 1; 1; 1; 1; 1; ...
     1; 1; 1; 1; 1; 1; 1; 1; 1; 1; 1; 1; 1; 1; 1; 1; 1; 1; 1; 1; 1; 1; ...
     1; 1; 1; 1; 1; 1; 1; 1; 1; 1; 1; 1; 1; 1; 1; 1; 1; 1; 1; 1; 1; 1; ...
     1; 1; 1; 1; 1; 1; 1; 1; 1; 1; 1; 1; 1; 1; 1; 1; 1; 1; 1; 1; 1; 1; ...
     1; 1; 1; 1; 1; 1; 1; 1; 1; 1; 1; 1; 1; 1; 1; 1; 1; 1; 1; 1; 1; 1; ...
     1; 1; 1; 1; 1; 1; 1; 1; 1; 1; 1; 1; 1; 1; 1; 1; 1; 1; 1; 1; 1; 1; ...
     1; 1; 1; 1; 1; 1; 1; 1; 1; 1; 1; 1; 1; 1; 1; 1; 1; 1; 1; 1; 1; 1; ...
     1; 1; 1; 1; 1; 1; 1; 1; 1; 1; 1; 1; 1; 1; 1; 1; 1; 1; 1; 1; 1; 1; ...
     1; 1; 1; 1; 1; 1; 1; 1; 1; 1; 1; 1; 1; 1; 1; 1; 1; 1; 1; 1; 1; 1; ...
     1; 1; 1; 1; 1; 1; 1; 1; 1; 1; 1; 1; 1; 1; 1; 1; 1; 1; 1; 1; 1; 1; ...
     1; 1; 1; 1; 1; 1; 1; 1; 1; 1; 1; 1; 1; 1; 1; 1; 1; 1; 1; 1; 1; 1; ...
     1; 1; 1; 1; 1; 1; 1; 1; 1; 1; 1; 1; 1; 1; 1; 1; 1; 1; 1; 1; 1; 1; ...
     1; 1; 1; 1; 1; 1; 1; 1; 1; 1; 1; 1; 1; 1; 1; 1; 1; 1; 1; 1; 1; 1; ...
     1; 1; 1; 1; 1; 1; 1; 1; 1; 1; 1; 1; 1; 1; 1; 1; 1];

y = [0; 0; 0.0012414498450255414; 0.0049298954054732644; 0.011007755307134548; ...
     0.019412675398669366; 0.030077777563640062; 0.042931914800967974; ...
     0.057899931818454986; 0.074902930385326028; 0.093858538692903115; ...
     0.11468118397747094; 0.13728236766609214; 0.1615709423145249; 0.18745338961643215; ...
     0.21483409877469437; 0.24361564453878332; 0.273699064226765; 0.30498413306650413; ...
     0.33736963720797919; 0.37075364377721343; 0.40503376736211244; 0.44010743234140226; ...
     0.47587213048980759; 0.512225673315524; 0.54906643860984528; 0.58629361071342845; ...
     0.62380741402903972; 0.66150933933664957; 0.69930236249334676; 0.73709115512765866; ...
     0.77478228696540219; 0.81228441945208862; 0.8495084903650727; 0.88636788913701114; ...
     0.92277862264069521; 0.9586594712138744; 0.993932134731226; 1.0285213685590733; ...
     1.0623551092567467; 1.0953645899165516; 1.1274844450620851; 1.1586528050520748; ...
     1.1888113799639268; 1.2179055329577173; 1.2458843431473756; 1.2727006580312523; ...
     1.2983111355590551; 1.3226762759362722; 1.345760443290585; 1.3675318773474026; ...
     1.3879626952834545; 1.4070288839483465; 1.424710282664051; 1.4409905568314691; ...
     1.4558571625914123; 1.4693013028045865; 1.4813178746314093; 1.4919054090077186; ...
     1.5010660023266185; 1.5088052406498542; 1.515132116784196; 1.520058940569315; ...
     1.523601242733585; 1.5257776726830914; 1.5266098905969192; 1.5261224542084855; ...
     1.524342700658319; 1.5213006238082509; 1.5170287474104924; 1.5115619945275371; ...
     1.5049375536002698; 1.4971947415620861; 1.4883748643962589; 1.47852107553225; ...
     1.4676782324741817; 1.4558927520512654; 1.4432124646756785; 1.4296864679882062; ...
     1.4153649802659465; 1.4002991939595539; 1.3845411297199006; 1.3681434912656987; ...
     1.3511595214345802; 1.3336428597504291; 1.3156474018294058; 1.2972271609361827; ...
     1.2784361319904098; 1.25932815831143; 1.239956801376785; 1.2203752138571338; ...
     1.2006360161769032; 1.1807911768363242; 1.160891896716536; 1.1409884975751889; ...
     1.1211303149255085; 1.101365595477104; 1.0817413993019935; 1.0623035068743858; ...
     1.0430963311177528; 1.0241628345776985; 1.0055444518240908; 0.9872810171709413; ...
     0.96941069778760047; 0.9519699322600389; 0.93499337464633681; 0.91851384405603165; ...
     0.90256227976871628; 0.88716770189327143; 0.87235717755537212; 0.85815579258747832; ...
     0.84458662868240786; 0.83167074595884383; 0.81942717087475736; 0.80787288941275948; ...
     0.797022845449854; 0.78688994421296976; 0.77748506071101375; 0.76881705302403835; ...
     0.76089278032045882; 0.75371712546411285; 0.74729302206433312; 0.74162148581411558; ...
     0.73670164995392218; 0.73253080469166576; 0.729104440402987; 0.726416294430064; ...
     0.7244584012918881; 0.723221146114202; 0.72269332108312445; 0.72286218472288755; ...
     0.72371352379507248; 0.72523171761425664; 0.72739980457306364; 0.73019955066824294; ...
     0.73361151981857642; 0.737615145765119; 0.74218880534451548; 0.74730989292687511; ...
     0.75295489581093988; 0.75909947037101222; 0.76571851875232044; 0.77278626591416655; ...
     0.78027633682331654; 0.78816183360363012; 0.79641541245187975; 0.80500936013404645; ...
     0.8139156698811012; 0.82310611650834431; 0.83255233058778544; 0.84222587150876282; ...
     0.85209829926801894; 0.86214124483673293; 0.87232647895855653; 0.88262597923946862; ...
     0.89301199539725085; 0.903457112545555; 0.9139343123948741; 0.92441703226021532; ...
     0.93487922177288; 0.945295397201473; 0.955640693295053; 0.96589091256919779; ...
     0.97602257196365227; 0.986012946808142; 0.99584011204085554; 1.0054829806319954; ...
     1.0149213391726559; 1.0241358805970859; 1.033108234014128; 1.0418209916312489; ...
     1.0502577327621063; 1.0584030449159922; 1.0662425419747454; 1.0737628794698235; ...
     1.0809517669791511; 1.0877979776700968; 1.094291355021475; 1.1004228167637968; ...
     1.1061843560831015; 1.1115690401395739; 1.1165710059577856; 1.1211854537507737; ...
     1.1254086377452934; 1.1292378545804247; 1.1326714293563007; 1.1357086994140035; ...
     1.1383499959317005; 1.1405966234258011; 1.1424508372493476; 1.1439158191829759; ...
     1.1449956512166284; 1.1456952876227171; 1.1460205254236822; 1.14597797335882; ...
     1.1455750194568952; 1.1448197973223877; 1.1437211512442786; 1.142288600237032; ...
     1.140532301123905; 1.1384630107729008; 1.1360920475956025; 1.1334312524187546; ...
     1.1304929488378457; 1.1272899031610577; 1.1238352840508208; 1.1201426219688313; ...
     1.1162257685287864; 1.1120988558592495; 1.107776256077009; 1.1032725409690303; ...
     1.0986024419786462; 1.0937808105889792; 1.088822579193768; 1.0837427225427794; ...
     1.0785562198458336; 1.0732780176161856; 1.0679229933305672; 1.0625059199796516; ...
     1.0570414315790304; 1.0515439897070344; 1.0460278511318739; 1.040507036586634; ...
     1.0349953007466741; 1.0295061034599136; 1.0240525822763897; 1.0186475263193431; ...
     1.0133033515359231; 1.0080320773614435; 1.0028453048269448; 0.99775419613565908; ...
     0.99276945572983522; 0.98790131286526239; 0.98315950570676247; 0.97855326695389133; ...
     0.974091311002119; 0.9697818226408581; 0.96563244728587527; 0.96165028273987507; ...
     0.95784187247138586; 0.95421320039851643; 0.95076968716069232; 0.94751618785813441; ...
     0.94445699123561033; 0.94159582028388122; 0.93893583422928106; 0.93647963187902061; ...
     0.93422925628709064; 0.93218620070306868; 0.93035141576370606; 0.92872531788488721; ...
     0.92730779880942893; 0.92609823626420185; 0.92509550567823529; 0.92429799291180237; ...
     0.92370360794496087; 0.92330979947268155; 0.92311357035249275; 0.92311149384953184; ...
     0.92329973062301518; 0.92367404639740847; 0.92422983026100913; 0.924962113534236; ...
